Region,Resource,Zone,Cluster,AnnualSum
NENG_Rest,NENG_Rest_conventional_hydroelectric_1,1,1,0.0
NY_Z_A,NY_Z_A_conventional_hydroelectric_1,2,1,0.0
NY_Z_B,NY_Z_B_conventional_hydroelectric_1,3,1,0.0
NY_Z_C&E,NY_Z_C&E_conventional_hydroelectric_1,4,1,0.0
NY_Z_D,NY_Z_D_conventional_hydroelectric_1,5,1,0.0
NY_Z_F,NY_Z_F_conventional_hydroelectric_1,6,1,0.0
PJM_EMAC,PJM_EMAC_conventional_hydroelectric_1,10,1,0.0
PJM_Rest,PJM_Rest_conventional_hydroelectric_1,11,1,0.0
NENG_Rest,NENG_Rest_conventional_steam_coal_1,1,1,0.0
NENG_Rest,NENG_Rest_natural_gas_fired_combined_cycle_1,1,1,0.0
NENG_Rest,NENG_Rest_natural_gas_fired_combined_cycle_2,1,2,0.0
NENG_Rest,NENG_Rest_natural_gas_fired_combustion_turbine_1,1,1,0.0
NENG_Rest,NENG_Rest_natural_gas_fired_combustion_turbine_2,1,2,0.0
NENG_Rest,NENG_Rest_nuclear_1,1,1,0.0
NY_Z_A,NY_Z_A_natural_gas_fired_combined_cycle_1,2,1,0.0
NY_Z_A,NY_Z_A_natural_gas_fired_combustion_turbine_1,2,1,0.0
NY_Z_A,NY_Z_A_natural_gas_steam_turbine_1,2,1,0.0
NY_Z_B,NY_Z_B_natural_gas_fired_combined_cycle_1,3,1,0.0
NY_Z_B,NY_Z_B_natural_gas_fired_combustion_turbine_1,3,1,0.0
NY_Z_B,NY_Z_B_natural_gas_steam_turbine_1,3,1,0.0
NY_Z_B,NY_Z_B_nuclear_1,3,1,0.0
NY_Z_C&E,NY_Z_C&E_natural_gas_fired_combined_cycle_1,4,1,0.0
NY_Z_C&E,NY_Z_C&E_natural_gas_steam_turbine_1,4,1,0.0
NY_Z_C&E,NY_Z_C&E_nuclear_1,4,1,0.0
NY_Z_D,NY_Z_D_natural_gas_fired_combined_cycle_1,5,1,0.0
NY_Z_D,NY_Z_D_natural_gas_fired_combined_cycle_2,5,2,0.0
NY_Z_F,NY_Z_F_natural_gas_fired_combined_cycle_1,6,1,0.0
NY_Z_F,NY_Z_F_natural_gas_fired_combined_cycle_2,6,2,0.0
NY_Z_F,NY_Z_F_natural_gas_fired_combustion_turbine_1,6,1,0.0
NY_Z_G-I,NY_Z_G-I_natural_gas_fired_combined_cycle_1,7,1,0.0
NY_Z_G-I,NY_Z_G-I_natural_gas_fired_combined_cycle_2,7,2,0.0
NY_Z_G-I,NY_Z_G-I_natural_gas_fired_combustion_turbine_1,7,1,0.0
NY_Z_G-I,NY_Z_G-I_natural_gas_fired_combustion_turbine_2,7,2,0.0
NY_Z_J,NY_Z_J_natural_gas_fired_combined_cycle_1,8,1,0.0
NY_Z_J,NY_Z_J_natural_gas_fired_combined_cycle_2,8,2,0.0
NY_Z_J,NY_Z_J_natural_gas_fired_combustion_turbine_1,8,1,0.0
NY_Z_J,NY_Z_J_natural_gas_fired_combustion_turbine_2,8,2,0.0
NY_Z_K,NY_Z_K_natural_gas_fired_combined_cycle_1,9,1,0.0
NY_Z_K,NY_Z_K_natural_gas_fired_combined_cycle_2,9,2,0.0
NY_Z_K,NY_Z_K_natural_gas_fired_combustion_turbine_1,9,1,0.0
NY_Z_K,NY_Z_K_natural_gas_fired_combustion_turbine_2,9,2,0.0
PJM_EMAC,PJM_EMAC_conventional_steam_coal_1,10,1,0.0
PJM_EMAC,PJM_EMAC_natural_gas_fired_combined_cycle_1,10,1,0.0
PJM_EMAC,PJM_EMAC_natural_gas_fired_combined_cycle_2,10,2,0.0
PJM_EMAC,PJM_EMAC_natural_gas_fired_combined_cycle_3,10,3,0.0
PJM_EMAC,PJM_EMAC_natural_gas_fired_combustion_turbine_1,10,1,0.0
PJM_EMAC,PJM_EMAC_natural_gas_fired_combustion_turbine_2,10,2,0.0
PJM_EMAC,PJM_EMAC_natural_gas_steam_turbine_1,10,1,0.0
PJM_EMAC,PJM_EMAC_nuclear_1,10,1,0.0
PJM_EMAC,PJM_EMAC_nuclear_2,10,2,0.0
PJM_Rest,PJM_Rest_conventional_steam_coal_1,11,1,0.0
PJM_Rest,PJM_Rest_natural_gas_fired_combined_cycle_1,11,1,0.0
PJM_Rest,PJM_Rest_natural_gas_fired_combined_cycle_2,11,2,0.0
PJM_Rest,PJM_Rest_natural_gas_fired_combustion_turbine_1,11,1,0.0
PJM_Rest,PJM_Rest_natural_gas_fired_combustion_turbine_2,11,2,0.0
PJM_Rest,PJM_Rest_natural_gas_fired_combustion_turbine_3,11,3,0.0
PJM_Rest,PJM_Rest_natural_gas_fired_combustion_turbine_4,11,4,0.0
PJM_Rest,PJM_Rest_nuclear_1,11,1,0.0
NENG_Rest,NENG_Rest_naturalgas_ccavgcf_moderate_0,1,0,0.0
NENG_Rest,NENG_Rest_naturalgas_ctavgcf_moderate_0,1,0,0.0
NENG_Rest,NENG_Rest_nuclear_nuclear_moderate_0,1,0,0.0
NENG_Rest,NENG_Rest_naturalgas_ccs100_moderate_0,1,0,0.0
NY_Z_A,NY_Z_A_naturalgas_ccavgcf_moderate_0,2,0,0.0
NY_Z_A,NY_Z_A_naturalgas_ctavgcf_moderate_0,2,0,0.0
NY_Z_A,NY_Z_A_nuclear_nuclear_moderate_0,2,0,0.0
NY_Z_A,NY_Z_A_naturalgas_ccs100_moderate_0,2,0,0.0
NY_Z_B,NY_Z_B_naturalgas_ccavgcf_moderate_0,3,0,0.0
NY_Z_B,NY_Z_B_naturalgas_ctavgcf_moderate_0,3,0,0.0
NY_Z_B,NY_Z_B_nuclear_nuclear_moderate_0,3,0,0.0
NY_Z_B,NY_Z_B_naturalgas_ccs100_moderate_0,3,0,0.0
NY_Z_C&E,NY_Z_C&E_naturalgas_ccavgcf_moderate_0,4,0,0.0
NY_Z_C&E,NY_Z_C&E_naturalgas_ctavgcf_moderate_0,4,0,0.0
NY_Z_C&E,NY_Z_C&E_nuclear_nuclear_moderate_0,4,0,0.0
NY_Z_C&E,NY_Z_C&E_naturalgas_ccs100_moderate_0,4,0,0.0
NY_Z_D,NY_Z_D_naturalgas_ccavgcf_moderate_0,5,0,0.0
NY_Z_D,NY_Z_D_naturalgas_ctavgcf_moderate_0,5,0,0.0
NY_Z_D,NY_Z_D_nuclear_nuclear_moderate_0,5,0,0.0
NY_Z_D,NY_Z_D_naturalgas_ccs100_moderate_0,5,0,0.0
NY_Z_F,NY_Z_F_naturalgas_ccavgcf_moderate_0,6,0,0.0
NY_Z_F,NY_Z_F_naturalgas_ctavgcf_moderate_0,6,0,0.0
NY_Z_F,NY_Z_F_nuclear_nuclear_moderate_0,6,0,0.0
NY_Z_F,NY_Z_F_naturalgas_ccs100_moderate_0,6,0,0.0
NY_Z_G-I,NY_Z_G-I_naturalgas_ccavgcf_moderate_0,7,0,0.0
NY_Z_G-I,NY_Z_G-I_naturalgas_ctavgcf_moderate_0,7,0,0.0
NY_Z_G-I,NY_Z_G-I_nuclear_nuclear_moderate_0,7,0,0.0
NY_Z_G-I,NY_Z_G-I_naturalgas_ccs100_moderate_0,7,0,0.0
NY_Z_J,NY_Z_J_naturalgas_ccavgcf_moderate_0,8,0,0.0
NY_Z_J,NY_Z_J_naturalgas_ctavgcf_moderate_0,8,0,0.0
NY_Z_J,NY_Z_J_nuclear_nuclear_moderate_0,8,0,0.0
NY_Z_J,NY_Z_J_naturalgas_ccs100_moderate_0,8,0,0.0
NY_Z_K,NY_Z_K_naturalgas_ccavgcf_moderate_0,9,0,0.0
NY_Z_K,NY_Z_K_naturalgas_ctavgcf_moderate_0,9,0,0.0
NY_Z_K,NY_Z_K_nuclear_nuclear_moderate_0,9,0,0.0
NY_Z_K,NY_Z_K_naturalgas_ccs100_moderate_0,9,0,0.0
PJM_EMAC,PJM_EMAC_naturalgas_ccavgcf_moderate_0,10,0,0.0
PJM_EMAC,PJM_EMAC_naturalgas_ctavgcf_moderate_0,10,0,0.0
PJM_EMAC,PJM_EMAC_nuclear_nuclear_moderate_0,10,0,0.0
PJM_EMAC,PJM_EMAC_naturalgas_ccs100_moderate_0,10,0,0.0
PJM_Rest,PJM_Rest_naturalgas_ccccsavgcf_moderate_0,11,0,0.0
PJM_Rest,PJM_Rest_naturalgas_ccavgcf_moderate_0,11,0,0.0
PJM_Rest,PJM_Rest_naturalgas_ctavgcf_moderate_0,11,0,0.0
PJM_Rest,PJM_Rest_nuclear_nuclear_moderate_0,11,0,0.0
PJM_Rest,PJM_Rest_naturalgas_ccs100_moderate_0,11,0,0.0
NENG_Rest,NENG_Rest_offshore_wind_turbine_1,1,1,0.0
NENG_Rest,NENG_Rest_onshore_wind_turbine_1,1,1,0.0
NENG_Rest,NENG_Rest_solar_photovoltaic_1,1,1,0.0
NY_Z_A,NY_Z_A_onshore_wind_turbine_1,2,1,0.0
NY_Z_A,NY_Z_A_solar_photovoltaic_1,2,1,0.0
NY_Z_B,NY_Z_B_onshore_wind_turbine_1,3,1,0.0
NY_Z_B,NY_Z_B_solar_photovoltaic_1,3,1,0.0
NY_Z_C&E,NY_Z_C&E_onshore_wind_turbine_1,4,1,0.0
NY_Z_C&E,NY_Z_C&E_solar_photovoltaic_1,4,1,0.0
NY_Z_D,NY_Z_D_onshore_wind_turbine_1,5,1,0.0
NY_Z_D,NY_Z_D_solar_photovoltaic_1,5,1,0.0
NY_Z_F,NY_Z_F_solar_photovoltaic_1,6,1,0.0
NY_Z_G-I,NY_Z_G-I_solar_photovoltaic_1,7,1,0.0
PJM_EMAC,PJM_EMAC_solar_photovoltaic_1,10,1,0.0
PJM_Rest,PJM_Rest_onshore_wind_turbine_1,11,1,0.0
PJM_Rest,PJM_Rest_solar_photovoltaic_1,11,1,0.0
NENG_Rest,NENG_Rest_offshorewind_class3_moderate_fixed_1_0,1,0,0.0
NENG_Rest,NENG_Rest_offshorewind_class3_moderate_fixed_1_1,1,1,0.0
NENG_Rest,NENG_Rest_offshorewind_class3_moderate_fixed_1_2,1,2,0.0
NENG_Rest,NENG_Rest_offshorewind_class3_moderate_fixed_1_3,1,3,0.0
NENG_Rest,NENG_Rest_offshorewind_class3_moderate_fixed_1_4,1,4,0.0
NENG_Rest,NENG_Rest_offshorewind_class3_moderate_fixed_1_5,1,5,0.0
NENG_Rest,NENG_Rest_offshorewind_class3_moderate_fixed_0_0,1,0,0.0
NENG_Rest,NENG_Rest_offshorewind_class3_moderate_fixed_0_1,1,1,0.0
NENG_Rest,NENG_Rest_offshorewind_class3_moderate_fixed_0_2,1,2,0.0
NENG_Rest,NENG_Rest_offshorewind_class3_moderate_fixed_0_3,1,3,0.0
NENG_Rest,NENG_Rest_offshorewind_class3_moderate_fixed_0_4,1,4,0.0
NENG_Rest,NENG_Rest_offshorewind_class3_moderate_fixed_0_5,1,5,0.0
NENG_Rest,NENG_Rest_offshorewind_class12_moderate_floating_0_0,1,0,0.0
NENG_Rest,NENG_Rest_offshorewind_class12_moderate_floating_0_1,1,1,0.0
NENG_Rest,NENG_Rest_offshorewind_class12_moderate_floating_0_2,1,2,0.0
NENG_Rest,NENG_Rest_offshorewind_class12_moderate_floating_0_3,1,3,0.0
NENG_Rest,NENG_Rest_offshorewind_class12_moderate_floating_0_4,1,4,0.0
NENG_Rest,NENG_Rest_offshorewind_class12_moderate_floating_0_5,1,5,0.0
NENG_Rest,NENG_Rest_offshorewind_class12_moderate_floating_1_0,1,0,0.0
NENG_Rest,NENG_Rest_offshorewind_class12_moderate_floating_1_1,1,1,0.0
NENG_Rest,NENG_Rest_offshorewind_class12_moderate_floating_1_2,1,2,0.0
NENG_Rest,NENG_Rest_offshorewind_class12_moderate_floating_1_3,1,3,0.0
NENG_Rest,NENG_Rest_offshorewind_class12_moderate_floating_1_4,1,4,0.0
NENG_Rest,NENG_Rest_offshorewind_class12_moderate_floating_1_5,1,5,0.0
NENG_Rest,NENG_Rest_landbasedwind_class1_moderate_1,1,1,0.0
NENG_Rest,NENG_Rest_landbasedwind_class1_moderate_2,1,2,0.0
NENG_Rest,NENG_Rest_landbasedwind_class1_moderate_3,1,3,0.0
NENG_Rest,NENG_Rest_landbasedwind_class1_moderate_4,1,4,0.0
NENG_Rest,NENG_Rest_landbasedwind_class1_moderate_5,1,5,0.0
NENG_Rest,NENG_Rest_landbasedwind_class1_moderate_6,1,6,0.0
NENG_Rest,NENG_Rest_utilitypv_class1_moderate_1,1,1,0.0
NENG_Rest,NENG_Rest_utilitypv_class1_moderate_2,1,2,0.0
NENG_Rest,NENG_Rest_utilitypv_class1_moderate_3,1,3,0.0
NENG_Rest,NENG_Rest_utilitypv_class1_moderate_4,1,4,0.0
NENG_Rest,NENG_Rest_utilitypv_class1_moderate_5,1,5,0.0
NENG_Rest,NENG_Rest_utilitypv_class1_moderate_6,1,6,0.0
NY_Z_A,NY_Z_A_landbasedwind_class1_moderate_1,2,1,0.0
NY_Z_A,NY_Z_A_landbasedwind_class1_moderate_2,2,2,0.0
NY_Z_A,NY_Z_A_landbasedwind_class1_moderate_3,2,3,0.0
NY_Z_A,NY_Z_A_landbasedwind_class1_moderate_4,2,4,0.0
NY_Z_A,NY_Z_A_landbasedwind_class1_moderate_5,2,5,0.0
NY_Z_A,NY_Z_A_landbasedwind_class1_moderate_6,2,6,0.0
NY_Z_A,NY_Z_A_utilitypv_class1_moderate_1,2,1,0.0
NY_Z_A,NY_Z_A_utilitypv_class1_moderate_2,2,2,0.0
NY_Z_A,NY_Z_A_utilitypv_class1_moderate_3,2,3,0.0
NY_Z_A,NY_Z_A_utilitypv_class1_moderate_4,2,4,0.0
NY_Z_A,NY_Z_A_utilitypv_class1_moderate_5,2,5,0.0
NY_Z_A,NY_Z_A_utilitypv_class1_moderate_6,2,6,0.0
NY_Z_B,NY_Z_B_landbasedwind_class1_moderate_1,3,1,0.0
NY_Z_B,NY_Z_B_landbasedwind_class1_moderate_2,3,2,0.0
NY_Z_B,NY_Z_B_landbasedwind_class1_moderate_3,3,3,0.0
NY_Z_B,NY_Z_B_landbasedwind_class1_moderate_4,3,4,0.0
NY_Z_B,NY_Z_B_landbasedwind_class1_moderate_5,3,5,0.0
NY_Z_B,NY_Z_B_landbasedwind_class1_moderate_6,3,6,0.0
NY_Z_B,NY_Z_B_utilitypv_class1_moderate_1,3,1,0.0
NY_Z_B,NY_Z_B_utilitypv_class1_moderate_2,3,2,0.0
NY_Z_B,NY_Z_B_utilitypv_class1_moderate_3,3,3,0.0
NY_Z_B,NY_Z_B_utilitypv_class1_moderate_4,3,4,0.0
NY_Z_B,NY_Z_B_utilitypv_class1_moderate_5,3,5,0.0
NY_Z_B,NY_Z_B_utilitypv_class1_moderate_6,3,6,0.0
NY_Z_C&E,NY_Z_C&E_landbasedwind_class1_moderate_1,4,1,0.0
NY_Z_C&E,NY_Z_C&E_landbasedwind_class1_moderate_2,4,2,0.0
NY_Z_C&E,NY_Z_C&E_landbasedwind_class1_moderate_3,4,3,0.0
NY_Z_C&E,NY_Z_C&E_landbasedwind_class1_moderate_4,4,4,0.0
NY_Z_C&E,NY_Z_C&E_landbasedwind_class1_moderate_5,4,5,0.0
NY_Z_C&E,NY_Z_C&E_landbasedwind_class1_moderate_6,4,6,0.0
NY_Z_C&E,NY_Z_C&E_utilitypv_class1_moderate_1,4,1,0.0
NY_Z_C&E,NY_Z_C&E_utilitypv_class1_moderate_2,4,2,0.0
NY_Z_C&E,NY_Z_C&E_utilitypv_class1_moderate_3,4,3,0.0
NY_Z_C&E,NY_Z_C&E_utilitypv_class1_moderate_4,4,4,0.0
NY_Z_C&E,NY_Z_C&E_utilitypv_class1_moderate_5,4,5,0.0
NY_Z_C&E,NY_Z_C&E_utilitypv_class1_moderate_6,4,6,0.0
NY_Z_D,NY_Z_D_landbasedwind_class1_moderate_1,5,1,0.0
NY_Z_D,NY_Z_D_landbasedwind_class1_moderate_2,5,2,0.0
NY_Z_D,NY_Z_D_landbasedwind_class1_moderate_3,5,3,0.0
NY_Z_D,NY_Z_D_landbasedwind_class1_moderate_4,5,4,0.0
NY_Z_D,NY_Z_D_landbasedwind_class1_moderate_5,5,5,0.0
NY_Z_D,NY_Z_D_landbasedwind_class1_moderate_6,5,6,0.0
NY_Z_D,NY_Z_D_utilitypv_class1_moderate_1,5,1,0.0
NY_Z_D,NY_Z_D_utilitypv_class1_moderate_2,5,2,0.0
NY_Z_D,NY_Z_D_utilitypv_class1_moderate_3,5,3,0.0
NY_Z_D,NY_Z_D_utilitypv_class1_moderate_4,5,4,0.0
NY_Z_D,NY_Z_D_utilitypv_class1_moderate_5,5,5,0.0
NY_Z_D,NY_Z_D_utilitypv_class1_moderate_6,5,6,0.0
NY_Z_F,NY_Z_F_landbasedwind_class1_moderate_1,6,1,0.0
NY_Z_F,NY_Z_F_landbasedwind_class1_moderate_2,6,2,0.0
NY_Z_F,NY_Z_F_landbasedwind_class1_moderate_3,6,3,0.0
NY_Z_F,NY_Z_F_landbasedwind_class1_moderate_4,6,4,0.0
NY_Z_F,NY_Z_F_landbasedwind_class1_moderate_5,6,5,0.0
NY_Z_F,NY_Z_F_landbasedwind_class1_moderate_6,6,6,0.0
NY_Z_F,NY_Z_F_utilitypv_class1_moderate_1,6,1,0.0
NY_Z_F,NY_Z_F_utilitypv_class1_moderate_2,6,2,0.0
NY_Z_F,NY_Z_F_utilitypv_class1_moderate_3,6,3,0.0
NY_Z_F,NY_Z_F_utilitypv_class1_moderate_4,6,4,0.0
NY_Z_F,NY_Z_F_utilitypv_class1_moderate_5,6,5,0.0
NY_Z_F,NY_Z_F_utilitypv_class1_moderate_6,6,6,0.0
NY_Z_G-I,NY_Z_G-I_landbasedwind_class1_moderate_1,7,1,0.0
NY_Z_G-I,NY_Z_G-I_landbasedwind_class1_moderate_2,7,2,0.0
NY_Z_G-I,NY_Z_G-I_landbasedwind_class1_moderate_3,7,3,0.0
NY_Z_G-I,NY_Z_G-I_landbasedwind_class1_moderate_4,7,4,0.0
NY_Z_G-I,NY_Z_G-I_landbasedwind_class1_moderate_5,7,5,0.0
NY_Z_G-I,NY_Z_G-I_landbasedwind_class1_moderate_6,7,6,0.0
NY_Z_G-I,NY_Z_G-I_utilitypv_class1_moderate_1,7,1,0.0
NY_Z_G-I,NY_Z_G-I_utilitypv_class1_moderate_2,7,2,0.0
NY_Z_G-I,NY_Z_G-I_utilitypv_class1_moderate_3,7,3,0.0
NY_Z_G-I,NY_Z_G-I_utilitypv_class1_moderate_4,7,4,0.0
NY_Z_G-I,NY_Z_G-I_utilitypv_class1_moderate_5,7,5,0.0
NY_Z_G-I,NY_Z_G-I_utilitypv_class1_moderate_6,7,6,0.0
NY_Z_J,NY_Z_J_offshorewind_class3_moderate_fixed_1_0,8,0,0.0
NY_Z_J,NY_Z_J_offshorewind_class3_moderate_fixed_1_1,8,1,0.0
NY_Z_J,NY_Z_J_offshorewind_class3_moderate_fixed_1_2,8,2,0.0
NY_Z_J,NY_Z_J_offshorewind_class3_moderate_fixed_1_3,8,3,0.0
NY_Z_J,NY_Z_J_offshorewind_class3_moderate_fixed_1_4,8,4,0.0
NY_Z_J,NY_Z_J_offshorewind_class3_moderate_fixed_1_5,8,5,0.0
NY_Z_J,NY_Z_J_offshorewind_class3_moderate_fixed_0_0,8,0,0.0
NY_Z_J,NY_Z_J_offshorewind_class3_moderate_fixed_0_1,8,1,0.0
NY_Z_J,NY_Z_J_offshorewind_class3_moderate_fixed_0_2,8,2,0.0
NY_Z_J,NY_Z_J_offshorewind_class3_moderate_fixed_0_3,8,3,0.0
NY_Z_J,NY_Z_J_offshorewind_class3_moderate_fixed_0_4,8,4,0.0
NY_Z_J,NY_Z_J_offshorewind_class3_moderate_fixed_0_5,8,5,0.0
NY_Z_J,NY_Z_J_offshorewind_class12_moderate_floating_0_0,8,0,0.0
NY_Z_J,NY_Z_J_offshorewind_class12_moderate_floating_0_1,8,1,0.0
NY_Z_J,NY_Z_J_offshorewind_class12_moderate_floating_0_2,8,2,0.0
NY_Z_J,NY_Z_J_offshorewind_class12_moderate_floating_0_3,8,3,0.0
NY_Z_J,NY_Z_J_offshorewind_class12_moderate_floating_0_4,8,4,0.0
NY_Z_J,NY_Z_J_offshorewind_class12_moderate_floating_0_5,8,5,0.0
NY_Z_J,NY_Z_J_offshorewind_class12_moderate_floating_1_0,8,0,0.0
NY_Z_J,NY_Z_J_offshorewind_class12_moderate_floating_1_1,8,1,0.0
NY_Z_J,NY_Z_J_offshorewind_class12_moderate_floating_1_2,8,2,0.0
NY_Z_J,NY_Z_J_offshorewind_class12_moderate_floating_1_3,8,3,0.0
NY_Z_J,NY_Z_J_offshorewind_class12_moderate_floating_1_4,8,4,0.0
NY_Z_J,NY_Z_J_offshorewind_class12_moderate_floating_1_5,8,5,0.0
NY_Z_K,NY_Z_K_utilitypv_class1_moderate_1,9,1,0.0
PJM_EMAC,PJM_EMAC_offshorewind_class3_moderate_fixed_1_0,10,0,0.0
PJM_EMAC,PJM_EMAC_offshorewind_class3_moderate_fixed_1_1,10,1,0.0
PJM_EMAC,PJM_EMAC_offshorewind_class3_moderate_fixed_1_2,10,2,0.0
PJM_EMAC,PJM_EMAC_offshorewind_class3_moderate_fixed_1_3,10,3,0.0
PJM_EMAC,PJM_EMAC_offshorewind_class3_moderate_fixed_1_4,10,4,0.0
PJM_EMAC,PJM_EMAC_offshorewind_class3_moderate_fixed_1_5,10,5,0.0
PJM_EMAC,PJM_EMAC_offshorewind_class3_moderate_fixed_0_0,10,0,0.0
PJM_EMAC,PJM_EMAC_offshorewind_class3_moderate_fixed_0_1,10,1,0.0
PJM_EMAC,PJM_EMAC_offshorewind_class3_moderate_fixed_0_2,10,2,0.0
PJM_EMAC,PJM_EMAC_offshorewind_class3_moderate_fixed_0_3,10,3,0.0
PJM_EMAC,PJM_EMAC_offshorewind_class3_moderate_fixed_0_4,10,4,0.0
PJM_EMAC,PJM_EMAC_offshorewind_class3_moderate_fixed_0_5,10,5,0.0
PJM_EMAC,PJM_EMAC_offshorewind_class12_moderate_floating_0_0,10,0,0.0
PJM_EMAC,PJM_EMAC_offshorewind_class12_moderate_floating_0_1,10,1,0.0
PJM_EMAC,PJM_EMAC_offshorewind_class12_moderate_floating_0_2,10,2,0.0
PJM_EMAC,PJM_EMAC_offshorewind_class12_moderate_floating_0_3,10,3,0.0
PJM_EMAC,PJM_EMAC_offshorewind_class12_moderate_floating_0_4,10,4,0.0
PJM_EMAC,PJM_EMAC_offshorewind_class12_moderate_floating_0_5,10,5,0.0
PJM_EMAC,PJM_EMAC_landbasedwind_class1_moderate_1,10,1,0.0
PJM_EMAC,PJM_EMAC_landbasedwind_class1_moderate_2,10,2,0.0
PJM_EMAC,PJM_EMAC_landbasedwind_class1_moderate_3,10,3,0.0
PJM_EMAC,PJM_EMAC_landbasedwind_class1_moderate_4,10,4,0.0
PJM_EMAC,PJM_EMAC_landbasedwind_class1_moderate_5,10,5,0.0
PJM_EMAC,PJM_EMAC_landbasedwind_class1_moderate_6,10,6,0.0
PJM_EMAC,PJM_EMAC_utilitypv_class1_moderate_1,10,1,0.0
PJM_EMAC,PJM_EMAC_utilitypv_class1_moderate_2,10,2,0.0
PJM_EMAC,PJM_EMAC_utilitypv_class1_moderate_3,10,3,0.0
PJM_EMAC,PJM_EMAC_utilitypv_class1_moderate_4,10,4,0.0
PJM_EMAC,PJM_EMAC_utilitypv_class1_moderate_5,10,5,0.0
PJM_EMAC,PJM_EMAC_utilitypv_class1_moderate_6,10,6,0.0
PJM_Rest,PJM_Rest_landbasedwind_class1_moderate_1,11,1,0.0
PJM_Rest,PJM_Rest_landbasedwind_class1_moderate_2,11,2,0.0
PJM_Rest,PJM_Rest_landbasedwind_class1_moderate_3,11,3,0.0
PJM_Rest,PJM_Rest_landbasedwind_class1_moderate_4,11,4,0.0
PJM_Rest,PJM_Rest_landbasedwind_class1_moderate_5,11,5,0.0
PJM_Rest,PJM_Rest_landbasedwind_class1_moderate_6,11,6,0.0
PJM_Rest,PJM_Rest_utilitypv_class1_moderate_1,11,1,0.0
PJM_Rest,PJM_Rest_utilitypv_class1_moderate_2,11,2,0.0
PJM_Rest,PJM_Rest_utilitypv_class1_moderate_3,11,3,0.0
PJM_Rest,PJM_Rest_utilitypv_class1_moderate_4,11,4,0.0
PJM_Rest,PJM_Rest_utilitypv_class1_moderate_5,11,5,0.0
PJM_Rest,PJM_Rest_utilitypv_class1_moderate_6,11,6,0.0
NENG_Rest,NENG_Rest_hydroelectric_pumped_storage_1,1,1,3.042891550345744e7
NY_Z_A,NY_Z_A_hydroelectric_pumped_storage_1,2,1,-5.4996079352516765e6
NY_Z_F,NY_Z_F_hydroelectric_pumped_storage_1,6,1,-2.190474604988878e7
PJM_EMAC,PJM_EMAC_hydroelectric_pumped_storage_1,10,1,3.79168932036659e7
PJM_Rest,PJM_Rest_hydroelectric_pumped_storage_1,11,1,1.5434924417322783e7
NENG_Rest,NENG_Rest_battery_moderate_0,1,0,0.0
NY_Z_A,NY_Z_A_battery_moderate_0,2,0,-2.2069525105338838e7
NY_Z_B,NY_Z_B_battery_moderate_0,3,0,-8.485768074017545e6
NY_Z_C&E,NY_Z_C&E_battery_moderate_0,4,0,-6.05099773676591e7
NY_Z_D,NY_Z_D_battery_moderate_0,5,0,0.0
NY_Z_F,NY_Z_F_battery_moderate_0,6,0,0.0
NY_Z_G-I,NY_Z_G-I_battery_moderate_0,7,0,-8.201151751873536e6
NY_Z_J,NY_Z_J_battery_moderate_0,8,0,2.3107523360543724e-11
NY_Z_K,NY_Z_K_battery_moderate_0,9,0,0.0
PJM_EMAC,PJM_EMAC_battery_moderate_0,10,0,8.0380523397716135e6
PJM_Rest,PJM_Rest_battery_moderate_0,11,0,3.1912999585815845e6
NY_Z_A,NY_Z_A_res_water_heat_1,2,1,57113.99794393872
NY_Z_B,NY_Z_B_res_water_heat_1,3,1,55763.969461066845
NY_Z_C&E,NY_Z_C&E_res_water_heat_1,4,1,128815.66200838321
NY_Z_D,NY_Z_D_res_water_heat_1,5,1,11850.592812343646
NY_Z_F,NY_Z_F_res_water_heat_1,6,1,137062.32389061994
NY_Z_G-I,NY_Z_G-I_res_water_heat_1,7,1,334502.3961108339
NY_Z_J,NY_Z_J_res_water_heat_1,8,1,1.430108564096529e6
NY_Z_K,NY_Z_K_res_water_heat_1,9,1,998233.7127582342
PJM_EMAC,PJM_EMAC_res_water_heat_1,10,1,1.6526689202262439e7
PJM_Rest,PJM_Rest_res_water_heat_1,11,1,6.742922055381203e7
NENG_Rest,NENG_Rest_res_water_heat_1,1,1,7.79067617700087e6
NY_Z_A,NY_Z_A_trans_light_duty_1,2,1,199231.2218507998
NY_Z_B,NY_Z_B_trans_light_duty_1,3,1,183828.01503579647
NY_Z_C&E,NY_Z_C&E_trans_light_duty_1,4,1,429054.76663634065
NY_Z_D,NY_Z_D_trans_light_duty_1,5,1,49182.7823590545
NY_Z_F,NY_Z_F_trans_light_duty_1,6,1,506698.1337224457
NY_Z_G-I,NY_Z_G-I_trans_light_duty_1,7,1,1.4188736908934116e6
NY_Z_J,NY_Z_J_trans_light_duty_1,8,1,5.882378360701634e6
NY_Z_K,NY_Z_K_trans_light_duty_1,9,1,3.0649780694330796e6
PJM_EMAC,PJM_EMAC_trans_light_duty_1,10,1,5.015985151543735e7
PJM_Rest,PJM_Rest_trans_light_duty_1,11,1,1.2540375216560802e8
NENG_Rest,NENG_Rest_trans_light_duty_1,1,1,2.570716550314726e7
NENG_Rest,NENG_Rest_biomass_1,1,1,0.0
NENG_Rest,NENG_Rest_biomass_2,1,2,0.0
NENG_Rest,NENG_Rest_biomass_3,1,3,0.0
NENG_Rest,NENG_Rest_small_hydroelectric_1,1,1,0.0
NY_Z_A,NY_Z_A_biomass_1,2,1,0.0
NY_Z_A,NY_Z_A_small_hydroelectric_1,2,1,0.0
NY_Z_B,NY_Z_B_biomass_1,3,1,0.0
NY_Z_B,NY_Z_B_small_hydroelectric_1,3,1,0.0
NY_Z_C&E,NY_Z_C&E_biomass_1,4,1,0.0
NY_Z_C&E,NY_Z_C&E_small_hydroelectric_1,4,1,0.0
NY_Z_D,NY_Z_D_small_hydroelectric_1,5,1,0.0
NY_Z_F,NY_Z_F_small_hydroelectric_1,6,1,0.0
NY_Z_G-I,NY_Z_G-I_small_hydroelectric_1,7,1,0.0
PJM_EMAC,PJM_EMAC_biomass_1,10,1,0.0
PJM_EMAC,PJM_EMAC_small_hydroelectric_1,10,1,0.0
PJM_Rest,PJM_Rest_biomass_1,11,1,0.0
PJM_Rest,PJM_Rest_biomass_2,11,2,0.0
PJM_Rest,PJM_Rest_small_hydroelectric_1,11,1,0.0
NENG_Rest,NENG_Rest_distributed_generation_1,1,1,0.0
NY_Z_A,NY_Z_A_distributed_generation_1,2,1,0.0
NY_Z_B,NY_Z_B_distributed_generation_1,3,1,0.0
NY_Z_C&E,NY_Z_C&E_distributed_generation_1,4,1,0.0
NY_Z_D,NY_Z_D_distributed_generation_1,5,1,0.0
NY_Z_F,NY_Z_F_distributed_generation_1,6,1,0.0
NY_Z_G-I,NY_Z_G-I_distributed_generation_1,7,1,0.0
NY_Z_J,NY_Z_J_distributed_generation_1,8,1,0.0
NY_Z_K,NY_Z_K_distributed_generation_1,9,1,0.0
PJM_EMAC,PJM_EMAC_distributed_generation_1,10,1,0.0
PJM_Rest,PJM_Rest_distributed_generation_1,11,1,0.0
