Status,Solve,Objval
OPTIMAL,456.03557896614075,4.342548665245903e10
